1577968861
1578104068
1578123602
1578153781
1578193498
1578204455
1578205968
1578206165
1578208022
1578212463
1578214137
1578216621
1578217185
1578221950
1578226871
1578227173
1578235474
1578237624
1578238860
1578239060
1578239359
1578294517
1578305784
1578310180
1578313216
1578316335
1578317472
1578318646
1578321490
1578321735
1578322940
1578336907
1578343112
1578346423
1578355388
1578363892
1578373220
1578384405
1578391094
1578443506
1578472532
1578473801
1578473904
1578477197
1578480152
1578480208
1578483514
1578485661
1578487274
1578487311
1578487340
1578487803
1578488502
1578489589
1578489723
1578490742
1578490981
1578491228
1578491345
1578491410
1578515162
1578515419
1578515914
1578517064
1578524952
1578526190
1578528779
1578536611
1578547847
1578598806
1578603817
1578605846
1578606987
1578609712
1578609907
1578618675
1578639032
1578646536
1578657070
1578689668
1578696053
1578708994
1578712143
1578713764
1578714959
1578717177
1578718150
1578721045
